omega_engine=[0.000000 150.000000 500.000000 1000.000000 1500.000000 2000.000000 2500.000000 3000.000000 3500.000000 4000.000000 4500.000000 5000.000000 5500.000000 6000.000000];
Torque_lost=[0.000000 -8.777780 -15.000000 -26.800000 -29.600000 -32.700000 -35.900000 -39.300000 -42.800000 -46.500000 -50.300000 -54.300000 -58.500000 -62.800000 ]*0.6;

omega_wheel=      [0 20 40 60 80 100 122 143.7 164];
Torque_lost_wheel=[0.8 0.8 0.75 0.7 0.4 0.3 0.2 0.07 0.07]*0.2;
